11.212424803436223
11.223953460039082
11.225988145230268
11.27893246773195
11.543674979780617
12.43609078729432
13.748663929846845
16.158224922876887
18.915282703635906
21.351710214921486
25.549722258535027
30.395602444632054
38.30019466600889
42.376849515803265
47.97139181857098
52.064796855447504
58.15397388197109
62.10809723276287
66.21169619110644
68.46177921621998
71.95431194011309
75.13643651944842
77.93667921389446
80.32540822947507
82.3127414246723
84.0579249935695
86.52585961883365
89.18122151620605
91.50972015859332
94.29985326333086
97.72008640300261
100.61556380994304
102.41697856026347
104.5705015897709
105.55082791810155
106.13966692847455
106.55117089965914
106.5553370857182
106.18362047192548
105.27646115938695
104.3769605615061
103.83118611662131
103.3116686495479
103.11968200818633
102.80981034025018
102.48116661588291
102.02271198347634
101.59569842409581
100.6757165899737
99.19366506646645
97.92675265322224
95.61422765140769
93.139272913966
90.68668452835848
87.87932030248268
84.3926668753868
79.0421352352435
73.14092746444538
69.12975839824081
65.49549328972633
60.44700634434689
56.673812095482994
52.3321601487215
46.768167880935245
39.54649912865833
33.48618261811718
30.01868255637734
26.881765132317074
22.929469909918687
19.721522800978658
17.668915592485906
16.13907723224052
14.579876898805331
14.151052802261576
12.753639975140697
12.59167066564835
12.36398158050554
12.07150424710499
12.039288113056848
11.952419204737257
11.571144462133848
11.647343493192654
11.593647676952742
11.466802417297593
11.327218508089041
11.188138665287362
11.059346811093894
10.889631353018022
10.81869876291318
11.13128540512498
11.502375595206193
14.526550906803037
19.6579638605389
25.41386668800317
31.65453492757619
38.35558781644826
42.888869775423046
50.729493901694184
56.13509033342825
61.61438111031173
67.04307390430914
70.469734254163
72.57261124178771
77.73864528485797
80.52970494873945
82.28919234215444
85.38979992930231
88.12259181492618
91.5241777620396
93.81265045120817
96.04053004650154
98.9411118858123
100.80060051922737
102.37708073512485
102.86961010505661
103.04280236058977
102.84425881660961
102.53597937486721
102.47421283392376
102.69016739728227
103.19625452770731
103.52631398426959
103.70804887257258
103.62849794025726
103.48348047680571
103.40316395792777
103.40682659679224
103.39686261169625
102.79707256091295
102.44234849396989
102.26110926800753
102.1555570384453
102.03000175668828
101.19753549983096
99.1123913421524
96.67433628241062
93.33664999788053
90.42410748672187
87.45777227444523
83.38795742522922
78.4121882657611
74.20912596185173
70.34396587134232
66.96810025027094
62.94982738584251
58.30046911322091
54.16085638447543
47.90252898498886
40.808407489436526
34.60056195800961
30.9755659162148
25.859834024928624
22.055460728403823
19.68160396709194
16.067124446216575
15.283935854471018
12.652188886321227
10.399250278541306
10.03047721298101
9.242009084787975
8.773071549323634
8.92009495479173
8.955891085411347
8.814508960714493
8.590314482898007
8.461844357807593
8.369508844932534
8.344613226840545
8.32862195657642
8.352588455188336
8.302978161164846
8.194993835387876
8.306211029300938
8.601460950707153
9.692471947515967
11.870711794192408
17.31304424486655
22.693578178391792
29.76860348237715
36.89760561437734
44.43537413738371
51.93055058428533
58.771882655243836
63.15545847595902
69.79796177054203
72.52087005158161
74.54468690284598
78.18387217043579
81.10236660666611
80.08260641280353
78.7678044204605
77.91847451704015
78.11523276187636
77.85819344819079
79.28296446497863
79.35303667291073
78.86993930462668
79.59640180598356
82.17784014777585
84.33785032899426
86.98099289682918
87.97431579004484
89.82207947712966
91.05822986860869
105.06950360258799
107.92598815156992
105.22009762623254
104.2703234965342
104.41784890955861
103.94673234978059
103.47034072250413
103.90822412522526
93.2683821794444
92.2855245121258
91.4950828205633
90.4900796721126
87.45029370052774
84.92899602713968
82.65585154542819
79.45313100676556
74.66997886598915
72.29387726352701
69.80577174291174
67.90848967708668
66.59902245628551
65.23323605106148
60.23046469339302
3.935697573539955
18.790806562297647
36.28986344942363
8.671461567123623
87.8892242954575
123.85870979631643
8.578761150455414
54.92758429898916
56.47683372327385
61.97999158883703
67.86280995288347
72.44633580866795
76.24764185033241
79.36261678272567
81.45881323738156
77.73985826203808
76.9630681823117
74.38113016119125
78.56586041747843
79.01754145644004
79.89528285776122
82.59176172269835
85.95199761571553
87.240584592913
87.73089000259066
91.67449916751195
104.86011023165673
99.78664912043085
103.83491467222069
104.81407390741381
110.0764869393135
113.73188949513731
113.05261580180424
112.00717733303587
109.1264294107595
105.91820887743201
101.97496591116719
99.6130910881771
95.4744006133309
93.49265943488284
92.25519764040838
92.30851871958507
92.04035051679578
86.49764979813631
83.16939340403627
79.33330043416868
77.48435731966151
74.84028724214792
72.03609972593968
69.07216931627025
69.0084296994519
67.51916918854872
66.7762535757789
57.905843895869076
2.443299894198784
60.44279737926187
66.18131586708576
69.2245139644736
71.06877724241075
74.26598791107058
80.87429210801265
83.53297907935291
80.93946053738915
78.40849986524749
77.40978799873868
76.93870935675804
80.51146417077376
80.49888646329208
81.37057397562016
84.24619419545725
85.97324906029516
91.56385405447755
96.26088108692504
97.81237447121487
99.65019414297272
101.37560309822898
103.94398526361356
104.44363355575878
103.09558474318007
103.76255638632858
103.1373956934932
101.2468377481269
100.1503531165211
99.770494291594
99.63258412233616
101.45724412347057
104.71951888011802
100.59508528113396
99.05942358733607
98.01013447980418
111.9220458313005
103.03453037186777
95.56600225238172
94.34727769959538
85.28535698671617
86.10587440909731
82.80374686192675
78.50787043615202
72.7493167066464
71.50960995270889
69.00281434682401
65.9294948120872
61.5908065009264
60.05902487011816