8.89
8.79
8.72
9.78
9.53
9.04
8.74
8.73
8.82
9.19
8.54
9.20
8.51
8.72
9.43
10.44
9.50
9.28
9.73
8.85
8.67
9.32
8.89
9.53
9.44
9.06
9.43
8.96
9.19
9.38
10.31
9.22
9.30
9.46
9.92
8.82
9.25
9.32
9.29
10.02
9.11
9.50
8.72
9.06
9.93
9.02
8.92
8.76
8.48
8.64
8.43
8.51
9.12
8.99
9.32
9.51
9.18
9.19
8.99
8.41
8.42
8.54
8.44
8.93
10.10
9.85
8.88
8.72
8.47
8.50
8.44
8.44
8.53
9.00
9.20
9.67
9.09
8.86
8.83
8.47
8.40
8.60
8.41
9.24
9.27
10.04
9.30
8.95
8.51
9.08
8.58
8.69
8.44
9.38
9.43
8.88
8.73
8.78
8.47
8.54
8.51
8.43
8.44
8.83
8.90
8.97
9.19
9.00
8.48
8.42
8.44
8.46
8.50
9.11
8.69
8.98
8.69
8.95
8.43
8.45
8.44
8.46
8.40
8.97
8.80
9.13
9.60
8.89
8.42
9.02
9.10
8.47
8.53
8.89
9.73
9.74
8.61
8.81
8.50
8.43
8.46
8.59
8.89
8.86
9.14
9.63
8.61
9.29
8.60
8.43
8.60
8.54
8.42
9.68
9.53
9.52
9.10
8.95
9.22
9.02
8.92
8.95
8.45
9.83
8.70
9.37
9.37
9.87
8.86
8.58
9.11
8.64
9.03
9.32
8.81
8.87
9.32
9.57
9.30
9.08
8.47
8.48
8.43
9.05
9.13
9.28
9.22
9.21
8.45
8.61
8.61
8.52
8.43
8.79
9.45
9.33
9.59
9.39
9.16
8.98
9.64
8.82
8.58
8.87
9.60
9.06
9.55
9.42
8.97
9.29
8.43
8.68
9.15
9.73
9.02
8.99
9.51
8.78
8.47
9.16
8.84
8.95
8.64
9.59
9.60
9.54
9.33
9.23
8.93
9.24
9.13
9.18
9.38
9.64
9.04
8.70
8.65
8.74
8.48
8.55
9.26
8.82
9.09
9.38
9.34
9.34
8.71
9.32
9.25
8.49
8.82
9.25
9.06
10.01
10.30
9.68
9.30
9.64
9.64
8.81
9.50
9.53
9.78
9.94
9.29
9.52
8.77
9.41
8.45
8.78
9.26
9.12
9.12
9.26
9.12
9.20
9.09
8.67
8.76
8.90
8.97
8.46
9.21
9.48
9.29
9.42
10.18
8.71
9.17
8.81
9.06
9.02
9.20
9.72
9.45
10.35
8.80
9.40
8.79
8.57
8.53
9.08
9.18
9.32
9.36
9.31
9.19
8.85
8.98
8.58
8.45
9.00
9.21
9.33
9.35
9.64
9.45
9.00
9.44
8.49
9.21
8.48
9.34
9.40
9.56
9.63
9.53
8.71
9.34
9.26
9.15
8.56
8.92
10.19
8.99
9.24
9.51
9.26
8.98
8.57
9.08
8.67
9.26
9.63
9.26
9.71
9.56
9.21
9.25
9.05
9.27
9.23
8.80
8.81
9.43
9.43
9.37
8.86
9.27
8.55
9.23
9.42
8.66
9.28
8.69
8.87
9.04
8.73
8.42
8.71
8.53
8.45
8.47
8.88
8.83
9.20
8.95
9.35
8.68
8.52
8.58
8.56
8.48
9.10
8.95
8.92
9.17
9.26
8.62
9.00
8.70
8.52
8.42
8.92
8.93
9.63
9.35
9.17
9.23
9.22
9.25
8.95
9.05
9.55
9.46
9.66
10.80
9.02
8.74
9.29
8.85
9.17